[ 2.40e-06  5.20e-06  7.10e-06  8.20e-06  8.00e-06  7.20e-06  6.40e-06
  4.90e-06  3.10e-06  1.90e-06  0.00e+00 -4.60e-06 -1.11e-05 -1.77e-05
 -2.30e-05 -2.58e-05 -2.54e-05 -2.14e-05 -1.51e-05 -9.40e-06 -4.90e-06
 -1.00e-06  3.40e-06  9.50e-06  1.64e-05  2.22e-05  2.61e-05  2.77e-05
  2.74e-05  2.56e-05  2.20e-05  1.73e-05  1.27e-05  8.70e-06  4.70e-06
  1.00e-06 -2.50e-06 -5.90e-06 -7.50e-06 -7.20e-06 -5.70e-06 -3.60e-06
 -1.40e-06  1.60e-06  5.20e-06  8.50e-06  1.17e-05  1.49e-05  1.72e-05
  1.88e-05  1.83e-05  1.45e-05  9.00e-06  2.80e-06 -3.40e-06 -7.90e-06
 -9.60e-06 -9.80e-06 -9.50e-06 -8.70e-06 -8.20e-06 -8.80e-06 -9.30e-06
 -9.10e-06 -8.30e-06 -7.40e-06 -5.70e-06 -2.70e-06  2.00e-07  1.70e-06
  1.40e-06 -8.00e-07 -4.60e-06 -7.40e-06 -7.80e-06 -7.10e-06 -7.60e-06
 -9.70e-06 -1.18e-05 -1.30e-05 -1.36e-05 -1.41e-05 -1.49e-05 -1.52e-05
 -1.33e-05 -9.80e-06 -6.50e-06 -3.00e-06  1.20e-06  5.20e-06  7.90e-06
  8.70e-06  9.10e-06  1.13e-05  1.40e-05  1.40e-05  1.06e-05  5.20e-06
 -6.00e-07 -5.30e-06 -9.00e-06 -1.23e-05 -1.55e-05 -1.84e-05 -2.01e-05
 -1.89e-05 -1.44e-05 -9.10e-06 -5.80e-06 -4.20e-06 -2.30e-06  4.00e-07
  3.30e-06  5.60e-06  7.00e-06  8.70e-06  1.01e-05  8.80e-06  4.30e-06
 -1.60e-06 -5.70e-06 -6.30e-06 -5.80e-06 -6.60e-06 -8.10e-06 -8.30e-06
 -6.60e-06 -4.10e-06 -1.20e-06  1.30e-06  4.40e-06  8.80e-06  1.19e-05
  1.16e-05  9.00e-06  4.60e-06 -6.00e-07 -5.40e-06 -8.90e-06 -1.15e-05
 -1.26e-05 -1.14e-05 -8.80e-06 -5.10e-06 -1.20e-06  1.50e-06  2.10e-06
  0.00e+00 -3.90e-06 -7.10e-06 -7.20e-06 -4.50e-06 -5.00e-07  2.90e-06
  3.80e-06  3.00e-06  1.90e-06  1.00e-07 -2.20e-06 -3.80e-06 -3.10e-06
  1.00e-07  5.30e-06  1.04e-05  1.31e-05  1.17e-05  6.60e-06 -1.00e-06
 -9.50e-06 -1.67e-05 -1.94e-05 -1.62e-05 -9.90e-06 -4.30e-06 -2.20e-06
 -3.90e-06 -7.00e-06 -9.10e-06 -1.01e-05 -9.40e-06 -6.60e-06 -2.60e-06
  1.90e-06  6.70e-06  9.10e-06  7.10e-06  1.60e-06 -4.20e-06 -8.00e-06
 -8.80e-06 -6.70e-06 -3.30e-06 -1.70e-06 -2.00e-06 -3.80e-06 -6.30e-06
 -7.10e-06 -4.70e-06 -2.00e-07  4.30e-06  8.10e-06  1.08e-05  1.19e-05
  1.12e-05  8.10e-06  3.40e-06 -1.60e-06 -6.00e-06 -8.30e-06 -8.40e-06
 -7.30e-06 -5.40e-06 -2.60e-06  5.00e-07  3.30e-06  4.90e-06  5.40e-06
  6.40e-06  8.50e-06  1.03e-05  1.10e-05  9.60e-06  6.90e-06  4.30e-06
  2.30e-06  9.00e-07  5.00e-07  1.20e-06  2.70e-06  4.40e-06  4.80e-06
  3.60e-06  2.60e-06  2.20e-06  1.90e-06  2.90e-06  5.40e-06  7.10e-06
  7.30e-06  6.10e-06  2.80e-06 -7.00e-07 -2.20e-06 -2.20e-06 -1.40e-06
  7.00e-07  3.80e-06  7.30e-06  1.15e-05  1.55e-05  1.85e-05  2.00e-05
  1.78e-05  1.29e-05  9.00e-06  7.30e-06  6.80e-06  7.40e-06  7.60e-06
  5.50e-06  2.50e-06  3.00e-07 -1.20e-06 -1.70e-06 -1.00e-06  9.00e-07
  4.80e-06  1.07e-05  1.65e-05  2.00e-05  2.12e-05  2.10e-05  2.19e-05
  2.44e-05  2.56e-05  2.37e-05  2.06e-05  1.74e-05  1.35e-05  9.60e-06
  7.20e-06  6.20e-06  6.50e-06  8.90e-06  1.20e-05  1.37e-05  1.53e-05
  1.82e-05  2.12e-05  2.38e-05  2.66e-05  2.91e-05  3.01e-05  2.97e-05
  2.70e-05  2.09e-05  1.34e-05  6.90e-06  2.10e-06 -2.00e-07 -7.00e-07
 -3.00e-07  6.00e-07  1.40e-06  1.70e-06  2.40e-06  4.70e-06  7.80e-06
  1.08e-05  1.27e-05  1.33e-05  1.40e-05  1.37e-05  1.18e-05  9.30e-06
  6.30e-06  2.40e-06 -1.30e-06 -4.70e-06 -7.40e-06 -8.40e-06 -8.10e-06
 -7.10e-06 -5.40e-06 -3.10e-06 -9.00e-07 -2.00e-07 -1.40e-06 -2.30e-06
 -9.00e-07  1.60e-06  3.40e-06  3.20e-06  1.00e-07 -4.80e-06 -9.20e-06
 -1.16e-05 -1.22e-05 -1.15e-05 -9.60e-06 -6.90e-06 -3.80e-06 -3.00e-07
  3.60e-06  6.80e-06  7.50e-06  5.40e-06  2.20e-06  0.00e+00 -1.00e-07
  1.40e-06  2.50e-06  1.80e-06  0.00e+00 -1.50e-06 -3.00e-06 -5.40e-06
 -7.70e-06 -8.80e-06 -8.00e-06 -5.30e-06 -1.10e-06  3.30e-06  6.50e-06
  7.50e-06  6.70e-06  4.70e-06  2.60e-06  1.10e-06  3.00e-07  2.00e-07
  8.00e-07  1.40e-06  2.00e-07 -3.30e-06 -6.40e-06 -6.90e-06 -5.50e-06
 -4.00e-06 -3.90e-06 -3.80e-06 -1.60e-06  1.90e-06  5.90e-06  9.00e-06
  9.90e-06  8.90e-06  7.60e-06  6.60e-06  5.70e-06  4.40e-06  3.00e-06
  1.50e-06  9.00e-07  3.00e-06  6.70e-06  9.50e-06  1.02e-05  8.90e-06
  6.20e-06]