[-2.87690562e-06 -1.97210768e-06 -9.98186183e-07  3.07146088e-08
  1.09948370e-06  2.19224116e-06  3.29255486e-06  4.38367339e-06
  5.44877129e-06  6.47120269e-06  7.43475867e-06  8.32392385e-06
  9.12412706e-06  9.82198160e-06  1.04055104e-05  1.08643516e-05
  1.11899416e-05  1.13756706e-05  1.14170098e-05  1.13116057e-05
  1.10593416e-05  1.06623639e-05  1.01250724e-05  9.45407470e-06
  8.65810531e-06  7.74790895e-06  6.73609060e-06  5.63693349e-06
  4.46618781e-06  3.24083335e-06  1.97881999e-06  6.98790591e-07
 -5.80208613e-07 -1.83902449e-06 -3.05869445e-06 -4.22073891e-06
 -5.30744270e-06 -6.30212008e-06 -7.18935811e-06 -7.95523417e-06
 -8.58750408e-06 -9.07575835e-06 -9.41154461e-06 -9.58845577e-06
 -9.60218373e-06 -9.45053962e-06 -9.13344218e-06 -8.65287619e-06
 -8.01282355e-06 -7.21916956e-06 -6.27958725e-06 -5.20340241e-06
 -4.00144196e-06 -2.68586813e-06 -1.27000079e-06  2.31869893e-07
  1.80467844e-06  3.43278442e-06  5.10017605e-06  6.79067467e-06
  8.48813754e-06  1.01766561e-05  1.18407466e-05  1.34655311e-05
  1.50369037e-05  1.65416818e-05  1.79677380e-05  1.93041123e-05
  2.05411015e-05  2.16703278e-05  2.26847843e-05  2.35788607e-05
  2.43483485e-05  2.49904299e-05  2.55036501e-05  2.58878769e-05
  2.61442486e-05  2.62751119e-05  2.62839520e-05  2.61753158e-05
  2.59547282e-05  2.56286034e-05  2.52041504e-05  2.46892733e-05
  2.40924665e-05  2.34227061e-05  2.26893364e-05  2.19019540e-05
  2.10702900e-05  2.02040907e-05  1.93129995e-05  1.84064402e-05
  1.74935038e-05  1.65828387e-05  1.56825475e-05  1.48000898e-05
  1.39421928e-05  1.31147693e-05  1.23228453e-05  1.15704963e-05
  1.08607931e-05  1.01957576e-05  9.57632892e-06  9.00233963e-06
  8.47250315e-06  7.98441176e-06  7.53454561e-06  7.11829279e-06
  6.72998076e-06  6.36291942e-06  6.00945630e-06  5.66104462e-06
  5.30832436e-06  4.94121686e-06  4.54903249e-06  4.12059085e-06
  3.64435190e-06  3.10855613e-06  2.50137109e-06  1.81104145e-06
  1.02603933e-06  1.35212090e-07 -8.72075509e-07 -2.00580717e-06
 -3.27519124e-06 -4.68854896e-06 -6.25321661e-06 -7.97546247e-06
 -9.86041987e-06 -1.19120369e-05 -1.41330431e-05 -1.65249330e-05
 -1.90879655e-05 -2.18211785e-05 -2.47224161e-05 -2.77883668e-05
 -3.10146094e-05 -3.43956636e-05 -3.79250429e-05 -4.15953064e-05
 -4.53981060e-05 -4.93242281e-05 -5.33636270e-05 -5.75054482e-05
 -6.17380415e-05 -6.60489647e-05 -7.04249772e-05 -7.48520273e-05
 -7.93152349e-05 -8.37988735e-05 -8.82863538e-05 -9.27602155e-05
 -9.72021278e-05 -1.01592905e-04 -1.05912539e-04 -1.10140254e-04
 -1.14254580e-04 -1.18233455e-04 -1.22054351e-04 -1.25694426e-04
 -1.29130701e-04 -1.32340259e-04 -1.35300465e-04 -1.37989205e-04
 -1.40385133e-04 -1.42467931e-04 -1.44218569e-04 -1.45619562e-04
 -1.46655217e-04 -1.47311868e-04 -1.47578091e-04 -1.47444888e-04
 -1.46905853e-04 -1.45957297e-04 -1.44598341e-04 -1.42830976e-04
 -1.40660085e-04 -1.38093432e-04 -1.35141612e-04 -1.31817971e-04
 -1.28138488e-04 -1.24121632e-04 -1.19788178e-04 -1.15161004e-04
 -1.10264859e-04 -1.05126104e-04 -9.97724444e-05 -9.42326333e-05
 -8.85361751e-05 -8.27130161e-05 -7.67932340e-05 -7.08067296e-05
 -6.47829247e-05 -5.87504717e-05 -5.27369781e-05 -4.67687514e-05
 -4.08705668e-05 -3.50654620e-05 -2.93745608e-05 -2.38169295e-05
 -1.84094671e-05 -1.31668319e-05 -8.10140543e-06 -3.22329417e-06
  1.45963081e-06  5.94165840e-06  1.02191281e-05  1.42902902e-05
  1.81551401e-05  2.18152300e-05  2.52734649e-05  2.85338872e-05
  3.16014562e-05  3.44818288e-05  3.71811475e-05  3.97058423e-05
  4.20624508e-05  4.42574634e-05  4.62971945e-05  4.81876844e-05
  4.99346309e-05  5.15433504e-05  5.30187677e-05  5.43654289e-05
  5.55875375e-05  5.66890059e-05  5.76735200e-05  5.85446118e-05
  5.93057353e-05  5.99603418e-05  6.05119509e-05  6.09642150e-05
  6.13209737e-05  6.15862979e-05  6.17645204e-05  6.18602521e-05
  6.18783830e-05  6.18240668e-05  6.17026877e-05  6.15198110e-05
  6.12811174e-05  6.09923238e-05  6.06590935e-05  6.02869383e-05
  5.98811183e-05  5.94465429e-05  5.89876778e-05  5.85084616e-05
  5.80122378e-05  5.75017021e-05  5.69788705e-05  5.64450661e-05
  5.59009272e-05  5.53464340e-05  5.47809543e-05  5.42033052e-05
  5.36118285e-05  5.30044779e-05  5.23789159e-05  5.17326161e-05
  5.10629696e-05  5.03673935e-05  4.96434378e-05  4.88888894e-05
  4.81018702e-05  4.72809273e-05  4.64251119e-05  4.55340446e-05
  4.46079649e-05  4.36477623e-05  4.26549881e-05  4.16318471e-05
  4.05811688e-05  3.95063600e-05  3.84113411e-05  3.73004668e-05
  3.61784375e-05  3.50502018e-05  3.39208568e-05  3.27955467e-05
  3.16793651e-05  3.05772612e-05  2.94939546e-05  2.84338576e-05
  2.74010080e-05  2.63990121e-05  2.54309988e-05  2.44995850e-05
  2.36068529e-05  2.27543374e-05  2.19430261e-05  2.11733692e-05
  2.04453011e-05  1.97582723e-05  1.91112923e-05  1.85029818e-05
  1.79316338e-05  1.73952817e-05  1.68917716e-05  1.64188361e-05
  1.59741659e-05  1.55554772e-05  1.51605706e-05  1.47873812e-05
  1.44340186e-05  1.40987959e-05  1.37802490e-05  1.34771477e-05
  1.31884983e-05  1.29135413e-05  1.26517441e-05  1.24027905e-05
  1.21665680e-05  1.19431529e-05  1.17327945e-05  1.15358962e-05
  1.13529954e-05  1.11847402e-05  1.10318629e-05  1.08951512e-05
  1.07754156e-05  1.06734551e-05  1.05900209e-05  1.05257800e-05
  1.04812792e-05  1.04569120e-05  1.04528907e-05  1.04692234e-05
  1.05056996e-05  1.05618828e-05  1.06371117e-05  1.07305081e-05
  1.08409902e-05  1.09672899e-05  1.11079713e-05  1.12614500e-05
  1.14260099e-05  1.15998189e-05  1.17809410e-05  1.19673467e-05
  1.21569223e-05  1.23474783e-05  1.25367593e-05  1.27224566e-05
  1.29022244e-05  1.30737012e-05  1.32345364e-05  1.33824235e-05
  1.35151366e-05  1.36305721e-05  1.37267913e-05  1.38020631e-05
  1.38549034e-05  1.38841102e-05  1.38887924e-05]