# x y
1.339629360571662744e+02
1.330310970746349994e+02
1.339196682624497896e+02
1.339676421288483823e+02
1.339545203672049070e+02
1.339547261147427264e+02
1.339551503856170882e+02
1.339556022742970640e+02
1.339560787426480601e+02
1.339565735658482311e+02
1.339570803858610475e+02
1.339575927874286947e+02
1.339581043658003239e+02
1.339586087952535820e+02
1.339590998968501765e+02
1.339595717039713065e+02
1.339600185242350676e+02
1.339604349964879191e+02
1.339608161417692997e+02
1.339611574075348415e+02
1.339614547050064743e+02
1.339617044402149304e+02
1.339619035398464177e+02
1.339620494730589257e+02
1.339621402698790575e+02
1.339621745359475540e+02
1.339621514628587704e+02
1.339620708335861821e+02
1.339619330234411620e+02
1.339617389980938356e+02
1.339614903106580073e+02
1.339611890993371617e+02
1.339608380858510657e+02
1.339604405733291230e+02
1.339600004409793428e+02
1.339595221318205063e+02
1.339590106292734504e+02
1.339584714186975702e+02
1.339579104311880826e+02
1.339573339690027467e+02
1.339567486144272266e+02
1.339561611261222822e+02
1.339555783284758377e+02
1.339550069998952893e+02
1.339544537653225120e+02
1.339539249968761112e+02
1.339534267249520951e+02
1.339529645607965165e+02
1.339525436306702204e+02
1.339521685212968691e+02
1.339518432363842351e+02
1.339515711646470777e+02
1.339513550606458523e+02
1.339511970403511327e+02
1.339510985932388678e+02
1.339510606119321778e+02
1.339510834392469292e+02
1.339511669312041420e+02
1.339513105331974145e+02
1.339515133651749181e+02
1.339517743108185925e+02
1.339520921056320049e+02
1.339524654194511015e+02
1.339528929295627790e+02
1.339533733808223133e+02
1.339539056289433745e+02
1.339544886630321230e+02
1.339551216039895678e+02
1.339558036767813576e+02
1.339565341565864856e+02
1.339573122911273515e+02
1.339581372035949016e+02
1.339590077820446083e+02
1.339599225616756542e+02
1.339608796061585281e+02
1.339618763935941104e+02
1.339629097121475638e+02
1.339639755699888326e+02
1.339650691237985711e+02
1.339661846297115346e+02
1.339673154201792329e+02
1.339684539097475806e+02
1.339695916319573428e+02
1.339707193083638117e+02
1.339718269491903015e+02
1.339729039836905713e+02
1.339739394171223807e+02
1.339749220103472283e+02
1.339758404773925804e+02
1.339766836957682870e+02
1.339774409237958253e+02
1.339781020185182570e+02
1.339786576468742112e+02
1.339790994820662888e+02
1.339794203770997285e+02
1.339796145089007382e+02
1.339796774892313636e+02
1.339796064420542052e+02
1.339794000500127140e+02
1.339790585744871407e+02
1.339785838540016698e+02
1.339779792847205329e+02
1.339772497847894215e+02
1.339764017420727384e+02
1.339754429433342011e+02
1.339743824827928051e+02
1.339732306492083467e+02
1.339719987924258362e+02
1.339706991717382891e+02
1.339693447890830953e+02
1.339679492100947868e+02
1.339665263757409548e+02
1.339650904069849844e+02
1.339636554049014308e+02
1.339622352490742685e+02
1.339608433978846733e+02
1.339594926951059790e+02
1.339581951875477444e+02
1.339569619578989830e+02
1.339558029754010704e+02
1.339547269651302202e+02
1.339537412954795741e+02
1.339528518836886519e+02
1.339520631209199450e+02
1.339513778204957930e+02
1.339507971942770439e+02
1.339503208620133705e+02
1.339499468967708538e+02
1.339496719068260404e+02
1.339494911516232776e+02
1.339493986874284133e+02
1.339493875376560084e+02
1.339494498832932550e+02
1.339495772696593576e+02
1.339497608261077062e+02
1.339499914947398054e+02
1.339502602627387660e+02
1.339505583908987489e+02
1.339508776289694936e+02
1.339512104073573369e+02
1.339515499951839672e+02
1.339518906168698038e+02
1.339522275228608237e+02
1.339525570140143600e+02
1.339528764225970292e+02
1.339531840551969424e+02
1.339534791040262860e+02
1.339537615334892564e+02
1.339540319490397167e+02
1.339542914555517541e+02
1.339545415125934937e+02
1.339547837937921031e+02
1.339550200564944191e+02
1.339552520259691164e+02
1.339554812957020999e+02
1.339557092426542226e+02
1.339559369546592507e+02
1.339561651671786251e+02
1.339563942084697032e+02
1.339566239551223816e+02
1.339568538026093449e+02
1.339570826567383222e+02
1.339573089510992645e+02
1.339575306931081968e+02
1.339577455381080995e+02
1.339579508882509344e+02
1.339581440110032418e+02
1.339583221708868450e+02
1.339584827670807670e+02
1.339586234686581747e+02
1.339587423388297509e+02
1.339588379400841234e+02
1.339589094138366079e+02
1.339589565309420323e+02
1.339589797125584880e+02
1.339589800235110317e+02
1.339589591418701957e+02
1.339589193089014998e+02
1.339588632633561645e+02
1.339587941638448569e+02
1.339587155029985297e+02
1.339586310170920740e+02
1.339585445943788784e+02
1.339584601843086489e+02
1.339583817082613848e+02
1.339583129710294713e+02
1.339582575716692077e+02
1.339582188128724738e+02
1.339581996095530769e+02
1.339582023993823441e+02
1.339582290598451095e+02
1.339582808374717331e+02
1.339584120026149492e+02
1.339585126471397984e+02
1.339586379547912713e+02
1.339587840613497747e+02
1.339590908943898455e+02
1.339696067091344105e+02
1.339328720644626856e+02
1.332522849211478331e+02
