[-1.250e-05 -1.460e-05 -1.660e-05 -1.650e-05 -1.370e-05 -1.020e-05
 -7.200e-06 -3.800e-06  8.000e-07  6.200e-06  1.070e-05  1.340e-05
  1.480e-05  1.610e-05  1.730e-05  1.800e-05  1.850e-05  1.880e-05
  1.820e-05  1.690e-05  1.570e-05  1.560e-05  1.690e-05  1.870e-05
  1.980e-05  1.950e-05  1.840e-05  1.720e-05  1.550e-05  1.280e-05
  8.500e-06  2.800e-06 -3.700e-06 -1.020e-05 -1.590e-05 -2.070e-05
 -2.430e-05 -2.600e-05 -2.650e-05 -2.670e-05 -2.650e-05 -2.550e-05
 -2.300e-05 -1.940e-05 -1.540e-05 -1.170e-05 -8.300e-06 -5.200e-06
 -3.200e-06 -1.800e-06 -6.000e-07 -4.000e-07 -1.400e-06 -2.700e-06
 -3.800e-06 -4.400e-06 -4.100e-06 -3.300e-06 -1.500e-06  2.200e-06
  7.700e-06  1.300e-05  1.810e-05  2.350e-05  2.880e-05  3.350e-05
  3.600e-05  3.500e-05  3.110e-05  2.670e-05  2.360e-05  2.190e-05
  2.090e-05  1.930e-05  1.720e-05  1.570e-05  1.550e-05  1.730e-05
  2.070e-05  2.430e-05  2.740e-05  3.020e-05  3.180e-05  3.140e-05
  2.930e-05  2.690e-05  2.510e-05  2.340e-05  2.180e-05  2.020e-05
  1.840e-05  1.650e-05  1.500e-05  1.370e-05  1.290e-05  1.320e-05
  1.470e-05  1.600e-05  1.550e-05  1.320e-05  1.050e-05  8.800e-06
  9.400e-06  1.220e-05  1.510e-05  1.600e-05  1.460e-05  1.200e-05
  8.700e-06  4.200e-06 -1.300e-06 -6.100e-06 -9.200e-06 -9.800e-06
 -7.400e-06 -2.800e-06  2.300e-06  7.400e-06  1.090e-05  1.160e-05
  1.060e-05  9.300e-06  7.400e-06  4.800e-06  2.200e-06  1.300e-06
  2.300e-06  3.900e-06  4.500e-06  3.000e-06  5.000e-07 -2.200e-06
 -6.700e-06 -1.360e-05 -2.170e-05 -2.890e-05 -3.380e-05 -3.800e-05
 -4.360e-05 -5.110e-05 -5.930e-05 -6.650e-05 -7.210e-05 -7.600e-05
 -7.770e-05 -7.720e-05 -7.560e-05 -7.500e-05 -7.610e-05 -7.790e-05
 -7.960e-05 -8.110e-05 -8.320e-05 -8.550e-05 -8.760e-05 -8.920e-05
 -9.100e-05 -9.430e-05 -9.930e-05 -1.047e-04 -1.101e-04 -1.158e-04
 -1.216e-04 -1.272e-04 -1.325e-04 -1.379e-04 -1.445e-04 -1.527e-04
 -1.611e-04 -1.667e-04 -1.675e-04 -1.635e-04 -1.568e-04 -1.496e-04
 -1.427e-04 -1.372e-04 -1.345e-04 -1.352e-04 -1.373e-04 -1.378e-04
 -1.346e-04 -1.283e-04 -1.217e-04 -1.154e-04 -1.093e-04 -1.035e-04
 -9.820e-05 -9.280e-05 -8.660e-05 -7.880e-05 -6.940e-05 -5.950e-05
 -5.050e-05 -4.410e-05 -4.100e-05 -3.950e-05 -3.580e-05 -2.780e-05
 -1.650e-05 -4.200e-06  6.700e-06  1.490e-05  1.930e-05  2.030e-05
  2.000e-05  2.060e-05  2.350e-05  2.810e-05  3.230e-05  3.520e-05
  3.610e-05  3.380e-05  2.850e-05  2.150e-05  1.560e-05  1.280e-05
  1.380e-05  1.870e-05  2.650e-05  3.460e-05  4.170e-05  4.790e-05
  5.390e-05  6.020e-05  6.690e-05  7.360e-05  7.920e-05  8.220e-05
  8.120e-05  7.680e-05  7.090e-05  6.630e-05  6.560e-05  6.970e-05
  7.720e-05  8.550e-05  9.110e-05  9.210e-05  8.910e-05  8.490e-05
  8.050e-05  7.590e-05  7.030e-05  6.310e-05  5.500e-05  4.770e-05
  4.270e-05  4.100e-05  4.330e-05  4.800e-05  5.240e-05  5.520e-05
  5.700e-05  5.870e-05  6.080e-05  6.330e-05  6.570e-05  6.600e-05
  6.340e-05  5.920e-05  5.500e-05  5.200e-05  5.140e-05  5.420e-05
  5.860e-05  6.310e-05  6.760e-05  7.100e-05  7.230e-05  7.190e-05
  7.070e-05  6.800e-05  6.240e-05  5.390e-05  4.470e-05  3.770e-05
  3.340e-05  3.110e-05  3.010e-05  3.000e-05  3.100e-05  3.270e-05
  3.360e-05  3.320e-05  3.260e-05  3.320e-05  3.470e-05  3.560e-05
  3.550e-05  3.420e-05  3.070e-05  2.470e-05  1.730e-05  1.090e-05
  8.200e-06  1.110e-05  1.920e-05  3.030e-05  4.100e-05  4.740e-05
  4.860e-05  4.580e-05  4.040e-05  3.450e-05  2.930e-05  2.490e-05
  2.090e-05  1.710e-05  1.370e-05  1.100e-05  1.010e-05  1.220e-05
  1.680e-05  2.200e-05  2.590e-05  2.730e-05  2.690e-05  2.690e-05
  2.810e-05  2.940e-05  3.040e-05  2.980e-05  2.590e-05  1.850e-05
  9.800e-06  3.100e-06  1.000e-07  1.500e-06  6.000e-06  1.170e-05
  1.810e-05  2.560e-05  3.280e-05  3.730e-05  3.830e-05  3.650e-05
  3.310e-05  2.970e-05  2.720e-05  2.530e-05  2.210e-05  1.710e-05
  1.180e-05  7.800e-06  6.000e-06  6.700e-06  9.700e-06  1.510e-05
  2.220e-05  2.910e-05  3.430e-05  3.740e-05  3.840e-05  3.780e-05
  3.660e-05]