[-2.08302601e-06 -2.53801223e-06 -2.94277227e-06 -3.29344749e-06
 -3.58659878e-06 -3.81925334e-06 -3.98895298e-06 -4.09380352e-06
 -4.13252393e-06 -4.10449391e-06 -4.00979790e-06 -3.84926343e-06
 -3.62449123e-06 -3.33787486e-06 -2.99260698e-06 -2.59267030e-06
 -2.14281113e-06 -1.64849442e-06 -1.11584013e-06 -5.51541502e-07
  3.72328625e-08  6.42950705e-07  1.25783809e-06  1.87400796e-06
  2.48359101e-06  3.07886479e-06  3.65237671e-06  4.19705722e-06
  4.70631995e-06  5.17414611e-06  5.59515169e-06  5.96463678e-06
  6.27861716e-06  6.53383937e-06  6.72778106e-06  6.85863875e-06
  6.92530591e-06  6.92734373e-06  6.86494738e-06  6.73891013e-06
  6.55058714e-06  6.30186047e-06  5.99510596e-06  5.63316247e-06
  5.21930279e-06  4.75720575e-06  4.25092822e-06  3.70487567e-06
  3.12376999e-06  2.51261317e-06  1.87664597e-06  1.22130090e-06
  5.52149524e-07 -1.25155500e-07 -8.04942393e-07 -1.48158488e-06
 -2.14956751e-06 -2.80354990e-06 -3.43842791e-06 -4.04939040e-06
 -4.63197015e-06 -5.18208819e-06 -5.69609087e-06 -6.17077944e-06
 -6.60343220e-06 -6.99181927e-06 -7.33421073e-06 -7.62937843e-06
 -7.87659258e-06 -8.07561374e-06 -8.22668123e-06 -8.33049837e-06
 -8.38821541e-06 -8.40141000e-06 -8.37206528e-06 -8.30254530e-06
 -8.19556733e-06 -8.05417063e-06 -7.88168120e-06 -7.68167226e-06
 -7.45791992e-06 -7.21435418e-06 -6.95500513e-06 -6.68394482e-06
 -6.40522547e-06 -6.12281496e-06 -5.84053125e-06 -5.56197721e-06
 -5.29047813e-06 -5.02902406e-06 -4.78021916e-06 -4.54624042e-06
 -4.32880747e-06 -4.12916499e-06 -3.94807893e-06 -3.78584666e-06
 -3.64232118e-06 -3.51694829e-06 -3.40881531e-06 -3.31670910e-06
 -3.23918074e-06 -3.17461367e-06 -3.12129238e-06 -3.07746831e-06
 -3.04142046e-06 -3.01150821e-06 -2.98621465e-06 -2.96417954e-06
 -2.94422129e-06 -2.92534864e-06 -2.90676275e-06 -2.88785101e-06
 -2.86817436e-06 -2.84744963e-06 -2.82552880e-06 -2.80237676e-06
 -2.77804929e-06 -2.75267218e-06 -2.72642265e-06 -2.69951331e-06
 -2.67217878e-06 -2.64466472e-06 -2.61721857e-06 -2.59008157e-06
 -2.56348148e-06 -2.53762555e-06 -2.51269374e-06 -2.48883204e-06
 -2.46614633e-06 -2.44469724e-06 -2.42449669e-06 -2.40550689e-06
 -2.38764263e-06 -2.37077732e-06 -2.35475325e-06 -2.33939596e-06
 -2.32453217e-06 -2.31001027e-06 -2.29572200e-06 -2.28162383e-06
 -2.26775619e-06 -2.25425935e-06 -2.24138455e-06 -2.22949966e-06
 -2.21908909e-06 -2.21074787e-06 -2.20517027e-06 -2.20313366e-06
 -2.20547801e-06 -2.21308180e-06 -2.22683496e-06 -2.24760930e-06
 -2.27622739e-06 -2.31343054e-06 -2.35984714e-06 -2.41596240e-06
 -2.48209051e-06 -2.55835055e-06 -2.64464654e-06 -2.74065272e-06
 -2.84580427e-06 -2.95929405e-06 -3.08007564e-06 -3.20687317e-06
 -3.33819805e-06 -3.47237280e-06 -3.60756166e-06 -3.74180732e-06
 -3.87307241e-06 -3.99928410e-06 -4.11837966e-06 -4.22835101e-06
 -4.32728620e-06 -4.41340657e-06 -4.48509845e-06 -4.54093905e-06
 -4.57971634e-06 -4.60044291e-06 -4.60236393e-06 -4.58495952e-06
 -4.54794175e-06 -4.49124703e-06 -4.41502463e-06 -4.31962223e-06
 -4.20556987e-06 -4.07356300e-06 -3.92444579e-06 -3.75919489e-06
 -3.57890402e-06 -3.38476904e-06 -3.17807319e-06 -2.96017202e-06
 -2.73247793e-06 -2.49644398e-06 -2.25354720e-06 -2.00527140e-06
 -1.75308978e-06 -1.49844757e-06 -1.24274501e-06 -9.87321342e-07
 -7.33440384e-07 -4.82278500e-07 -2.34915694e-07  7.66962873e-09
  2.44601986e-07  4.75106396e-07  6.98502770e-07  9.14198078e-07
  1.12167747e-06  1.32049565e-06  1.51026961e-06  1.69067374e-06
  1.86143775e-06  2.02234768e-06  2.17324965e-06  2.31405589e-06
  2.44475231e-06  2.56540661e-06  2.67617619e-06  2.77731491e-06
  2.86917798e-06  2.95222439e-06  3.02701661e-06  3.09421730e-06
  3.15458333e-06  3.20895744e-06  3.25825806e-06  3.30346786e-06
  3.34562159e-06  3.38579368e-06  3.42508591e-06  3.46461559e-06
  3.50550421e-06  3.54886699e-06  3.59580344e-06  3.64738897e-06
  3.70466786e-06  3.76864742e-06  3.84029336e-06  3.92052640e-06
  4.01021996e-06  4.11019904e-06  4.22124022e-06  4.34407308e-06
  4.47938277e-06  4.62781374e-06  4.78997410e-06  4.96643993e-06
  5.15775865e-06  5.36445046e-06  5.58700664e-06  5.82588393e-06
  6.08149418e-06  6.35418894e-06  6.64423924e-06  6.95181126e-06
  7.27693871e-06  7.61949363e-06  7.97915682e-06  8.35538965e-06
  8.74740875e-06  9.15416502e-06  9.57432846e-06  1.00062799e-05
  1.04481104e-05  1.08976294e-05  1.13523805e-05  1.18096652e-05
  1.22665744e-05  1.27200235e-05  1.31667933e-05  1.36035713e-05
  1.40269946e-05  1.44336912e-05  1.48203195e-05  1.51836044e-05
  1.55203704e-05  1.58275715e-05  1.61023166e-05  1.63418944e-05
  1.65437944e-05  1.67057286e-05  1.68256521e-05  1.69017846e-05
  1.69326317e-05  1.69170073e-05  1.68540549e-05  1.67432678e-05
  1.65845071e-05  1.63780154e-05  1.61244256e-05  1.58247636e-05
  1.54804432e-05  1.50932532e-05  1.46653359e-05  1.41991583e-05
  1.36974752e-05  1.31632880e-05  1.25997983e-05  1.20103613e-05
  1.13984389e-05  1.07675552e-05  1.01212569e-05  9.46307803e-06
  8.79651073e-06  8.12498212e-06  7.45183651e-06  6.78032257e-06
  6.11358445e-06  5.45465554e-06  4.80645362e-06  4.17177606e-06
  3.55329399e-06  2.95354453e-06  2.37492062e-06  1.81965827e-06
  1.28982156e-06  7.87285884e-07  3.13720513e-07 -1.29428630e-07
 -5.40954786e-07 -9.19903746e-07 -1.26558398e-06 -1.57757293e-06
 -1.85571910e-06 -2.10014012e-06 -2.31121678e-06 -2.48958370e-06
 -2.63611681e-06 -2.75191841e-06 -2.83830010e-06 -2.89676400e-06
 -2.92898271e-06 -2.93677805e-06 -2.92209887e-06 -2.88699764e-06
 -2.83360566e-06 -2.76410646e-06 -2.68070720e-06 -2.58560789e-06
 -2.48096889e-06 -2.36887698e-06 -2.25131113e-06 -2.13010909e-06
 -2.00693596e-06 -1.88325632e-06 -1.76031087e-06 -1.63909890e-06
 -1.52036682e-06 -1.40460356e-06 -1.29204240e-06 -1.18266929e-06
 -1.07623723e-06 -9.72285961e-07 -8.70166575e-07 -7.69069945e-07
 -6.68058188e-07 -5.66098083e-07 -4.62095442e-07 -3.54929542e-07
 -2.43486870e-07 -1.26693694e-07 -3.54724764e-09  1.26854452e-07
  2.65283976e-07  4.12356844e-07  5.68504759e-07  7.33949851e-07
  9.08680242e-07  1.09242753e-06  1.28464694e-06  1.48450096e-06
  1.69084734e-06  1.90223241e-06  2.11689032e-06  2.33274927e-06
  2.54744515e-06  2.75834324e-06  2.96256830e-06  3.15704286e-06
  3.33853343e-06  3.50370390e-06  3.64917488e-06  3.77158777e-06
  3.86767171e-06  3.93431187e-06  3.96861686e-06  3.96798387e-06
  3.93015962e-06  3.85329591e-06  3.73599863e-06  3.57736919e-06
  3.37703774e-06  3.13518748e-06  2.85256956e-06  2.53050812e-06
  2.17089499e-06  1.77617380e-06  1.34931313e-06  8.93768845e-07]